{
  "box": [
    [
      0,
      0
    ],
    [
      640,
      0
    ],
    [
      640,
      480
    ],
    [
      0,
      480
    ]
  ],
  "box2img": [
    [
      3.0000000000000018,
      2.2376577587385205e-16,
      -6.62837840170738e-15
    ],
    [
      -8.589998287331091e-16,
      2.2500000000000013,
      -5.3099885599650065e-15
    ],
    [
      7.937856768630368e-19,
      4.227538131023763e-19,
      1.0
    ]
  ],
  "box2img_post_cut": [
    [
      2.1656250000000017,
      3.691606753359472e-16,
      -7.662360329563356e-14
    ],
    [
      -8.973416221235223e-16,
      2.0833333333333357,
      -4.918461471437041e-14
    ],
    [
      2.6674424085242505e-19,
      1.9092982898948985e-20,
      1.0
    ]
  ],
  "box2img_pre_cut": [
    [
      2.128941702624955,
      0.010039029725518622,
      259.9999999999999
    ],
    [
      -0.009021822186264683,
      2.0403226507251584,
      61.99999999999996
    ],
    [
      6.30674667385819e-06,
      -9.251767949179098e-06,
      1.0
    ]
  ],
  "box2model": [
    [
      1.25,
      2.220446049250313e-16,
      -400.0000000000005
    ],
    [
      6.106226635438361e-16,
      -1.250000000000002,
      299.99999999999983
    ],
    [
      -1.3010426069826053e-18,
      2.2768245622195593e-18,
      1.0
    ]
  ],
  "box2tygron_export": [
    [
      1.562500000000003,
      -5.500886069353603e-16,
      -2.368695517507291e-13
    ],
    [
      2.6535102782589137e-15,
      -1.5625000000000027,
      1.4931285374775172e-13
    ],
    [
      -3.813401885542964e-19,
      4.633865791522061e-19,
      1.0
    ]
  ],
  "box2tygron_update": [
    [
      1.562500000000003,
      -5.500886069353603e-16,
      -2.368695517507291e-13
    ],
    [
      2.6535102782589137e-15,
      -1.5625000000000027,
      1.4931285374775172e-13
    ],
    [
      -3.813401885542964e-19,
      4.633865791522061e-19,
      1.0
    ]
  ],
  "img2box": [
    [
      0.3333333333333341,
      9.927795771477428e-16,
      -4.782775737954825e-13
    ],
    [
      5.0268281985549725e-17,
      0.4444444444444464,
      -1.9122951919886555e-13
    ],
    [
      5.943861387864634e-19,
      2.5428226861594615e-18,
      1.0
    ]
  ],
  "img2img_post_cut": [
    [
      0.7218750000000003,
      2.5898074713947596e-16,
      -3.3873836895181864e-13
    ],
    [
      -2.0234378324219876e-16,
      0.9259259259259283,
      -1.5064316981339143e-13
    ],
    [
      2.729509905787167e-20,
      4.394052690257984e-19,
      1.0
    ]
  ],
  "img2img_pre_cut": [
    [
      0.7096472342083175,
      0.004461790989119363,
      260.0
    ],
    [
      -0.003007274062088061,
      0.9068100669889597,
      62.0
    ],
    [
      2.1022488912857834e-06,
      -4.1118968663019705e-06,
      1.0
    ]
  ],
  "img2model": [
    [
      0.4166666666666669,
      3.3306690738754696e-16,
      -400.00000000000017
    ],
    [
      -1.249000902703301e-16,
      -0.5555555555555565,
      300.0000000000005
    ],
    [
      3.2526065174565133e-19,
      -7.047314121155779e-19,
      1.0
    ]
  ],
  "img2tygron_export": [
    [
      0.5208333333333335,
      -9.091816604184797e-16,
      -3.863067634876649e-13
    ],
    [
      1.0097404060648853e-15,
      -0.6944444444444448,
      -2.0910389305489607e-13
    ],
    [
      -9.527512824295229e-19,
      -1.8037820969818686e-19,
      1.0
    ]
  ],
  "img2tygron_update": [
    [
      0.5208333333333335,
      -9.091816604184797e-16,
      -3.863067634876649e-13
    ],
    [
      1.0097404060648853e-15,
      -0.6944444444444448,
      -2.0910389305489607e-13
    ],
    [
      -9.527512824295229e-19,
      -1.8037820969818686e-19,
      1.0
    ]
  ],
  "img_points": [
    [
      0,
      0
    ],
    [
      1920,
      0
    ],
    [
      1920,
      1080
    ],
    [
      0,
      1080
    ]
  ],
  "img_post_cut2box": [
    [
      0.4617604617604626,
      7.257255472297493e-16,
      -2.9409829606363846e-13
    ],
    [
      1.374570360760199e-16,
      0.480000000000002,
      -1.692141435652439e-13
    ],
    [
      4.945516427059071e-19,
      2.69764794256739e-18,
      1.0
    ]
  ],
  "img_post_cut2img": [
    [
      1.3852813852813861,
      -1.3886596950465901e-16,
      -6.9779251821167065e-15
    ],
    [
      -3.5919999139271026e-16,
      1.0800000000000007,
      -5.4756546519207916e-15
    ],
    [
      3.4695718562261097e-19,
      1.3146826084884516e-19,
      1.0
    ]
  ],
  "img_post_cut2img_pre_cut": [
    [
      0.983061103665203,
      0.004818734268249164,
      260.0
    ],
    [
      -0.0041659207786503005,
      0.9793548723480772,
      62.00000000000003
    ],
    [
      2.912206256327002e-06,
      -4.440848615605106e-06,
      1.0
    ]
  ],
  "img_post_cut2model": [
    [
      0.5772005772005766,
      -4.996003610813204e-16,
      -400.0000000000001
    ],
    [
      8.326672684688674e-17,
      -0.6000000000000011,
      300.00000000000017
    ],
    [
      -8.673617379884035e-19,
      5.421010862427522e-19,
      1.0
    ]
  ],
  "img_post_cut2tygron_export": [
    [
      0.7215007215007218,
      -2.514972110504842e-16,
      -2.7075997693915e-13
    ],
    [
      1.4638071875775708e-15,
      -0.7500000000000012,
      1.644611096612847e-13
    ],
    [
      -2.5945243695761697e-19,
      4.425836071319569e-19,
      1.0
    ]
  ],
  "img_post_cut2tygron_update": [
    [
      0.7215007215007218,
      -2.514972110504842e-16,
      -2.7075997693915e-13
    ],
    [
      1.4638071875775708e-15,
      -0.7500000000000012,
      1.644611096612847e-13
    ],
    [
      -2.5945243695761697e-19,
      4.425836071319569e-19,
      1.0
    ]
  ],
  "img_post_cut_points": [
    [
      0,
      0
    ],
    [
      1386,
      0
    ],
    [
      1386,
      1000
    ],
    [
      0,
      1000
    ]
  ],
  "img_pre_cut2box": [
    [
      0.46983920659992706,
      -0.002864873210976039,
      -121.98057157690087
    ],
    [
      0.002166950662284596,
      0.48973084967649083,
      -30.926719852136635
    ],
    [
      -2.943108728788006e-06,
      4.548944208355936e-06,
      1.0
    ]
  ],
  "img_pre_cut2img": [
    [
      1.4095176197997792,
      -0.008594619632925321,
      -365.9417147307009
    ],
    [
      0.004875638990142123,
      1.1018944117721015,
      -69.58511966730752
    ],
    [
      -2.9431087287875722e-06,
      4.548944208354933e-06,
      1.0
    ]
  ],
  "img_pre_cut2img_post_cut": [
    [
      1.0174955317929655,
      -0.006204241047517947,
      -264.164175321225
    ],
    [
      0.004514480546427432,
      1.0202726034926866,
      -64.43066635861769
    ],
    [
      -2.9431087287873283e-06,
      4.548944208355218e-06,
      1.0
    ]
  ],
  "img_pre_cut2model": [
    [
      0.5884762517414226,
      -0.005400669197061281,
      -552.4757144711253
    ],
    [
      -0.003591620946492735,
      -0.6107988788331051,
      338.65839981517064
    ],
    [
      -2.9431087287883854e-06,
      4.54894420835576e-06,
      1.0
    ]
  ],
  "img_pre_cut2tygron_export": [
    [
      0.7341237603123861,
      -0.004476364392148546,
      -190.59464308890725
    ],
    [
      -0.0033858604098205985,
      -0.7652044526195159,
      48.322999768963754
    ],
    [
      -2.9431087287865964e-06,
      4.548944208355069e-06,
      1.0
    ]
  ],
  "img_pre_cut2tygron_update": [
    [
      0.7341237603123861,
      -0.004476364392148546,
      -190.59464308890725
    ],
    [
      -0.0033858604098205985,
      -0.7652044526195159,
      48.322999768963754
    ],
    [
      -2.9431087287865964e-06,
      4.548944208355069e-06,
      1.0
    ]
  ],
  "img_pre_cut_points": [
    [
      260.0,
      62.0
    ],
    [
      1616.0,
      56.0
    ],
    [
      1628.0,
      1036.0
    ],
    [
      266.0,
      1046.0
    ]
  ],
  "model2box": [
    [
      0.7999999999999998,
      -1.6653345369377348e-16,
      319.99999999999994
    ],
    [
      2.7755575615628914e-16,
      -0.7999999999999998,
      240.00000000000009
    ],
    [
      2.168404344971009e-19,
      -4.336808689942018e-19,
      1.0
    ]
  ],
  "model2img": [
    [
      2.3999999999999995,
      5.551115123125783e-16,
      959.9999999999994
    ],
    [
      -4.440892098500626e-16,
      -1.7999999999999994,
      540.0
    ],
    [
      -1.5178830414797062e-18,
      5.421010862427522e-19,
      1.0
    ]
  ],
  "model2img_post_cut": [
    [
      1.7324999999999993,
      -6.661338147750939e-16,
      692.9999999999999
    ],
    [
      -1.1102230246251565e-16,
      -1.666666666666666,
      500.00000000000006
    ],
    [
      2.168404344971009e-19,
      -2.168404344971009e-19,
      1.0
    ]
  ],
  "model2img_pre_cut": [
    [
      1.7034979207408947,
      -0.008032848547515039,
      943.8616224964613
    ],
    [
      -0.0072189178861248315,
      -1.6325883366676412,
      548.9014768359298
    ],
    [
      5.046418054716149e-06,
      7.402911712035263e-06,
      1.0
    ]
  ],
  "model2tygron_export": [
    [
      1.2500000000000004,
      3.3306690738754696e-16,
      500.0
    ],
    [
      1.1102230246251565e-16,
      1.2500000000000002,
      -375.00000000000006
    ],
    [
      0.0,
      4.336808689942018e-19,
      1.0
    ]
  ],
  "model2tygron_update": [
    [
      1.2500000000000004,
      3.3306690738754696e-16,
      500.0
    ],
    [
      1.1102230246251565e-16,
      1.2500000000000002,
      -375.00000000000006
    ],
    [
      0.0,
      4.336808689942018e-19,
      1.0
    ]
  ],
  "model_points": [
    [
      -400,
      300
    ],
    [
      400,
      300
    ],
    [
      400,
      -300
    ],
    [
      -400,
      -300
    ]
  ],
  "tygron_export": [
    [
      0,
      0
    ],
    [
      1000,
      0
    ],
    [
      1000,
      -750
    ],
    [
      0,
      -750
    ]
  ],
  "tygron_export2box": [
    [
      0.6400000000000013,
      -1.4978394890905909e-15,
      -4.4516387104343025e-13
    ],
    [
      1.3184491340486812e-17,
      -0.6400000000000022,
      -4.566117449422702e-14
    ],
    [
      1.7434237616596398e-19,
      -3.496108223867117e-18,
      1.0
    ]
  ],
  "tygron_export2img": [
    [
      1.9200000000000002,
      -5.111217032298734e-16,
      -7.053819334190692e-15
    ],
    [
      9.676504389433127e-17,
      -1.4400000000000013,
      -3.9022604592098276e-15
    ],
    [
      6.685455690388331e-19,
      -3.169814009946081e-19,
      1.0
    ]
  ],
  "tygron_export2img_post_cut": [
    [
      1.3859999999999995,
      4.3277708483948144e-16,
      -7.916150374098763e-14
    ],
    [
      -8.461177281547921e-16,
      -1.3333333333333328,
      -5.465679991933925e-14
    ],
    [
      3.148993873928121e-20,
      1.0451104439168609e-18,
      1.0
    ]
  ],
  "tygron_export2img_pre_cut": [
    [
      1.362522689679971,
      -0.00642497902433109,
      260.0
    ],
    [
      -0.005773966199209668,
      -1.305806496464101,
      62.000000000000085
    ],
    [
      4.03631787126963e-06,
      5.921131487475137e-06,
      1.0
    ]
  ],
  "tygron_export2model": [
    [
      0.8000000000000004,
      3.3306690738754696e-16,
      -400.00000000000045
    ],
    [
      5.551115123125783e-16,
      0.8000000000000012,
      299.9999999999999
    ],
    [
      -6.505213034913027e-19,
      -1.6805133673525319e-18,
      1.0
    ]
  ],
  "tygron_export2tygron_update": [
    [
      1.0000000000000004,
      -1.435470970876599e-16,
      -2.330457875288072e-13
    ],
    [
      2.0542196449999193e-15,
      1.0000000000000007,
      1.4824903457610894e-13
    ],
    [
      -1.0606171852700862e-18,
      8.342286049622857e-19,
      1.0
    ]
  ],
  "tygron_update": [
    [
      0,
      0
    ],
    [
      1000,
      0
    ],
    [
      1000,
      -750
    ],
    [
      0,
      -750
    ]
  ],
  "tygron_update2box": [
    [
      0.6400000000000013,
      -1.4978394890905909e-15,
      -4.4516387104343025e-13
    ],
    [
      1.3184491340486812e-17,
      -0.6400000000000022,
      -4.566117449422702e-14
    ],
    [
      1.7434237616596398e-19,
      -3.496108223867117e-18,
      1.0
    ]
  ],
  "tygron_update2img": [
    [
      1.9200000000000002,
      -5.111217032298734e-16,
      -7.053819334190692e-15
    ],
    [
      9.676504389433127e-17,
      -1.4400000000000013,
      -3.9022604592098276e-15
    ],
    [
      6.685455690388331e-19,
      -3.169814009946081e-19,
      1.0
    ]
  ],
  "tygron_update2img_post_cut": [
    [
      1.3859999999999995,
      4.3277708483948144e-16,
      -7.916150374098763e-14
    ],
    [
      -8.461177281547921e-16,
      -1.3333333333333328,
      -5.465679991933925e-14
    ],
    [
      3.148993873928121e-20,
      1.0451104439168609e-18,
      1.0
    ]
  ],
  "tygron_update2img_pre_cut": [
    [
      1.362522689679971,
      -0.00642497902433109,
      260.0
    ],
    [
      -0.005773966199209668,
      -1.305806496464101,
      62.000000000000085
    ],
    [
      4.03631787126963e-06,
      5.921131487475137e-06,
      1.0
    ]
  ],
  "tygron_update2model": [
    [
      0.8000000000000004,
      3.3306690738754696e-16,
      -400.00000000000045
    ],
    [
      5.551115123125783e-16,
      0.8000000000000012,
      299.9999999999999
    ],
    [
      -6.505213034913027e-19,
      -1.6805133673525319e-18,
      1.0
    ]
  ],
  "tygron_update2tygron_export": [
    [
      1.0000000000000004,
      -1.435470970876599e-16,
      -2.330457875288072e-13
    ],
    [
      2.0542196449999193e-15,
      1.0000000000000007,
      1.4824903457610894e-13
    ],
    [
      -1.0606171852700862e-18,
      8.342286049622857e-19,
      1.0
    ]
  ],
  "z": [
    0.0,
    21.2
  ],
  "z_values": [
    0,
    5
  ]
}